Webots Project File version R2025a
perspectives: 000000ff00000000fd0000000300000000000001ca000003f1fc0200000001fb00000012005300630065006e006500540072006500650100000019000003f100000000000000000000000100000137000002d5fc0200000001fb0000001400540065007800740045006400690074006f00720100000019000002d50000008a00ffffff0000000300000238000000ccfc0100000002fb0000001a0043006f006e0073006f006c00650041006c006c0041006c006c0100000000000002380000006900fffffffb0000000e0043006f006e0073006f006c006501000001d00000056f0000000000000000000000ff000002d500000004000000040000000100000008fc00000000
simulationViewPerspectives: 000000ff0000000100000002000001c1000002430100000002010000000101
sceneTreePerspectives: 000000ff000000010000000300000022000000c00000015f0100000002010000000201
minimizedPerspectives: 000000ff00000000fd0000000300000000000001ca000003f1fc0200000001fb00000012005300630065006e006500540072006500650100000019000003f1000000000000000000000001000002ac00000187fc0200000001fb0000001400540065007800740045006400690074006f0072010000001d000001870000009200ffffff00000003000007800000020bfc0100000002fb0000001a0043006f006e0073006f006c00650041006c006c0041006c006c0100000000000007800000006900fffffffb0000000e0043006f006e0073006f006c006501000001d00000056f0000000000000000000004d20000018700000004000000040000000100000008fc00000000
maximizedDockId: -1
centralWidgetVisible: 1
orthographicViewHeight: 1
textFiles: 6 "controllers/go_forward/go_forward.py" "protos/InteriorWheel.proto" "protos/ExteriorWheel.proto" "controllers/Stereo_vision/Stereo_vision.py" "controllers/check1/check1.py" "controllers/x_y_coordinates/x_y_coordinates.py" "controllers/color_detection/color_detection.py" "controllers/feedback/feedback.py" "controllers/merge_base_camera/merge_base_camera.py"
consoles: Console:All:All
renderingDevicePerspectives: robot:left_camera;1;0.0666667;0;0
renderingDevicePerspectives: robot:right_camera;1;0.0666667;0;0.00132979
